SCALE FACTOR = 1.05
testImagesNew/00_pre kopie.JPG: 203.591;164.615;170.389;172.769;165.882;158.897;158.553;161.349;162.03;161.367; MEAN: 167.944
testImagesNew/00_pre.JPG: 166.892;161.9;165.307;158.549;159.414;162.487;161.419;168.045;161.291;166.135; MEAN: 163.144
testImagesNew/01_top.JPG: 163.75;165.768;162.099;163.942;160.465;163.863;159.691;165.682;162.736;166.562; MEAN: 163.456
testImagesNew/02_side.JPG: 166.81;159.443;160.183;158.261;156.952;156.633;156.714;157.348;157.49;159.348; MEAN: 158.918
testImagesNew/03_persp.JPG: 164.022;161.673;159.182;163.539;163.94;163.589;162.959;158.706;162.969;160.722; MEAN: 162.13
testImagesNew/04_rand.JPG: 167.24;167.351;164.616;162.205;161.47;163.273;157.86;158.72;162.365;158.32; MEAN: 162.342
testImagesNew/05_rand.JPG: 173.034;161.359;163.621;160.862;160.474;161.849;169.785;167.218;162.417;168.003; MEAN: 164.862
testImagesNew/06_rand.JPG: 171.257;159.731;169.352;163.235;160.284;168.104;167.671;158.795;167.655;167.595; MEAN: 165.368
testImagesNew/07_rand.JPG: 167.494;164.36;164.623;159.888;164.175;162.949;161.156;163.733;162.022;162.764; MEAN: 163.316
testImagesNew/08_rand.JPG: 172.933;166.937;163.832;165.068;189.555;161.828;172.401;165.168;166.498;164.576; MEAN: 168.88
testImagesNew/09_rand.JPG: 169.6;154.192;158.208;160.617;159.666;156.859;159.794;158.014;161.857;161.758; MEAN: 160.056
testImagesNew/10_rand.JPG: 168.244;161.309;168.533;162.827;163.487;162.678;165.059;160.063;161.829;163.379; MEAN: 163.741
testImagesNew/11_rand.JPG: 167.893;164.791;166.796;161.669;166.938;160.991;162.296;166.054;160.603;158.981; MEAN: 163.701
testImagesNew/12_rand.JPG: 176.572;167.212;162.419;159.909;163.183;162.177;165.195;163.685;165.179;161.595; MEAN: 164.713
testImagesNew/13_rand.JPG: 168.564;158.207;161.308;156.355;173.235;159.958;158.888;190.676;172.213;162.394; MEAN: 166.18
testImagesNew/14_rand.JPG: 164.711;157.629;155.959;156.167;161.518;162.182;160.935;160.005;166.418;164.159; MEAN: 160.968
testImagesNew/15_rand.JPG: 169.05;162.423;169.11;162.047;160.875;165.198;161.924;159.253;159.959;160.859; MEAN: 163.07
testImagesNew/16_rand.JPG: 181.396;164.382;168.801;165.339;166.039;166.509;167.418;169.059;169.369;166.76; MEAN: 168.507
testImagesNew/17_rand.JPG: 178.43;160.505;162.655;159.091;166.497;159.673;165.986;159.699;165.984;162.333; MEAN: 164.085
testImagesNew/18_rand.JPG: 171.853;163.959;159.496;159.35;167.798;162.185;161.42;159.721;160.753;160.967; MEAN: 162.75
testImagesNew/19_rand.JPG: 169.209;159.034;163.201;162.611;167.974;159.005;167.016;161.724;168.488;163.236; MEAN: 164.15
testImagesNew/20_rand.JPG: 167.863;160.848;158.52;159.001;161.919;161.975;159.099;163.587;159.45;161.026; MEAN: 161.329
MEAN of Scale Factor = 1638.01


163.456;158.918;162.13;162.342;164.862;165.368;163.316;168.88;160.056;163.741;163.701;164.713;166.18;160.968;163.07;168.507;164.085;162.75;164.15;161.329