SCALE FACTOR = 1.05
testImagesNew/00_pre kopie.JPG: 199.445;178.703;209.73;178.942;177.43;182.434;178.215;183.505;176.822;177.353; MEAN: 184.258
testImagesNew/00_pre.JPG: 187.244;182.841;176.586;192.848;177.655;176.778;182.835;182.555;183.939;181.738; MEAN: 182.502
testImagesNew/01_top.JPG: 187.282;181.654;177.756;181.858;181.511;176.909;184.73;181.358;176.745;182.856; MEAN: 181.266
testImagesNew/02_side.JPG: 190.635;175.509;268.03;178.686;198.227;177.745;175.253;182.427;177.552;177.036; MEAN: 190.11
testImagesNew/03_persp.JPG: 207.469;176.495;179.235;182.157;204.358;202.946;218.161;228.87;176.509;186.604; MEAN: 196.28
testImagesNew/04_rand.JPG: 199.757;178.635;181.814;181.558;176.355;195.298;181.275;187.298;182.354;175.616; MEAN: 183.996
testImagesNew/05_rand.JPG: 187.179;181.849;185.744;177.883;180.819;177.442;186.945;177.09;176.642;182.804; MEAN: 181.44
testImagesNew/06_rand.JPG: 186.761;177.828;185.008;175.879;179.833;182.178;176.305;177.624;183.143;175.882; MEAN: 180.044
testImagesNew/07_rand.JPG: 196.218;179.549;178.046;214.739;180.756;180.492;181.295;179.75;178.297;181.255; MEAN: 185.04
testImagesNew/08_rand.JPG: 185.81;191.257;179.061;176.306;181.003;177.039;177.789;179.965;178.109;177.005; MEAN: 180.334
testImagesNew/09_rand.JPG: 192.873;178.267;183.639;176.269;178.47;184.105;176.379;177.814;184.634;194.672; MEAN: 182.712
testImagesNew/10_rand.JPG: 192.776;186.309;225.942;191.993;178.779;177.575;181.974;176.688;184.14;176.476; MEAN: 187.265
testImagesNew/11_rand.JPG: 187.892;181.374;178.008;183.266;176.53;181.227;181.863;181.807;175.883;182.922; MEAN: 181.077
testImagesNew/12_rand.JPG: 187.882;179.166;183.835;176.419;182.565;179.655;176.696;177.99;180.923;176.425; MEAN: 180.156
testImagesNew/13_rand.JPG: 192.526;178.351;175.079;181.513;175.975;181.336;176.368;176.31;176.546;180.232; MEAN: 179.424
testImagesNew/14_rand.JPG: 186.683;181.383;176.463;176.706;177.04;181.417;181.787;179.688;181.053;177.348; MEAN: 179.957
testImagesNew/15_rand.JPG: 191.869;180.658;187.415;193.799;181.696;181.876;181.007;190.92;176.748;187.91; MEAN: 185.39
testImagesNew/16_rand.JPG: 186.264;182.092;182.796;184.751;177.533;179.159;185.955;181.63;181.609;176.211; MEAN: 181.8
testImagesNew/17_rand.JPG: 188.055;181.5;185.68;175.726;190.174;183.775;178.194;182.814;181.275;181.597; MEAN: 182.879
testImagesNew/18_rand.JPG: 191.282;190.66;186.742;194.794;182.796;176.856;176.823;177.11;181.031;176.4; MEAN: 183.449
testImagesNew/19_rand.JPG: 186.4;179.182;177.037;181.058;176.792;182.617;177.184;176.339;176.688;182.37; MEAN: 179.567
testImagesNew/20_rand.JPG: 197.912;176.208;178.847;178.184;176.714;179.966;185.008;176.043;188.343;177.478; MEAN: 181.47
MEAN of Scale Factor = 1832.01


181.266;190.11;196.28;183.996;181.44;180.044;185.04;180.334;182.712;187.265;181.077;180.156;179.424;179.957;185.39;181.8;182.879;183.449;179.567;181.47
