HOG SVM robustness ScaleFactor

1.01
----
0;0;0;0;0;1;0;0;0;0;0;0;0;0;0;0;0;0;0;0
1;1;1;1;1;1;1;1;1;1;1;1;1;1;1;1;1;1;1;1 20

1.05
----
0;0;0;0;0;0;0;0;0;0;0;0;0;0;0;0;0;0;0;0
1;1;1;1;1;1;1;1;1;1;1;1;1;1;1;1;1;1;1;1 20

1.1
---
0;0;0;0;0;0;0;0;0;0;0;0;0;0;0;0;0;0;0;0
0;1;1;1;1;0;1;1;1;1;1;1;0;1;1;1;0;1;0;1 15

1.15
----
0;0;0;0;0;0;0;0;0;0;0;0;0;0;0;0;0;0;0;0
0;1;1;1;0;1;1;1;0;1;1;1;0;1;1;1;0;1;0;0 13

1.20
----
0;0;0;0;0;0;0;0;0;0;0;0;0;0;0;0;0;0;0;0
0;0;1;1;0;0;0;1;0;0;1;0;0;0;1;1;0;1;0;1 8

1.25
----
0;0;0;0;0;0;0;0;0;0;0;0;0;0;0;0;0;0;0;0
0;0;0;1;0;0;1;1;0;0;0;0;0;0;0;1;0;0;0;0 4

1.30
----
0;0;0;0;0;0;0;0;0;0;0;0;0;0;0;0;0;0;0;0
0;0;0;1;0;0;0;0;0;0;0;0;0;0;0;0;0;1;0;0 2

1.35
----
0;0;0;0;0;0;0;0;0;0;0;0;0;0;0;0;0;0;0;0
0;0;1;0;0;0;0;0;0;0;0;0;0;0;0;0;0;0;0;0 1

1.40
----
0;0;0;0;0;0;0;0;0;0;0;0;0;0;0;0;0;0;0;0
0;0;0;0;0;0;0;0;0;0;0;0;0;0;0;0;0;0;0;0 0

1.45
----
0;0;0;0;0;0;0;0;0;0;0;0;0;0;0;0;0;0;0;0
0;0;0;0;0;0;0;0;0;0;0;0;0;0;0;0;0;1;0;0 1

1.5
----
0;0;0;0;0;0;0;0;0;0;0;0;0;0;0;0;0;0;0;0
0;0;0;0;0;0;0;0;0;0;0;0;0;0;0;0;0;0;0;0 0

1.55
----
0;0;0;0;0;0;0;0;0;0;0;0;0;0;0;0;0;0;0;0
0;0;0;0;0;0;0;0;0;0;0;0;0;0;0;0;0;1;0;0

1.6
----
0;0;0;0;0;0;0;0;0;0;0;0;0;0;0;0;0;0;0;0
0;0;0;0;0;0;0;0;0;0;0;0;0;0;0;0;0;0;0;0

1.65
----
0;0;0;0;0;0;0;0;0;0;0;0;0;0;0;0;0;0;0;0
0;0;0;0;0;0;0;0;0;0;0;0;0;0;0;0;0;0;0;0

etc...
