SCALE FACTOR = 1.05
testImagesNew/00_pre kopie.JPG: 133.287;117.767;118.683;122.106;148.458;102.339;128.7;118.52;120.118;120.045; MEAN: 123.002
testImagesNew/00_pre.JPG: 124.811;103.642;98.4031;90.7977;94.0529;102.134;90.6217;121.554;138.672;115.687; MEAN: 108.037
testImagesNew/01_top.JPG: 121.84;98.9254;95.1147;98.3244;93.9468;83.4617;83.2306;83.034;117.168;87.2317; MEAN: 96.2277
testImagesNew/02_side.JPG: 94.3779;84.8643;85.686;85.7322;89.3121;89.4089;85.7578;84.7214;85.4414;86.5296; MEAN: 87.1832
testImagesNew/03_persp.JPG: 95.1795;86.2938;85.1391;85.221;85.117;86.1584;92.2461;86.3186;85.3355;84.7942; MEAN: 87.1803
testImagesNew/04_rand.JPG: 95.2623;86.1563;88.9764;86.1945;86.0449;86.1634;86.639;90.9487;90.6868;90.6569; MEAN: 88.7729
testImagesNew/05_rand.JPG: 99.0084;90.4025;89.7666;91.4992;89.1836;89.6522;89.3507;90.1839;99.5864;90.6319; MEAN: 91.9265
testImagesNew/06_rand.JPG: 105.079;96.2856;99.3864;96.2013;97.9307;96.2875;96.669;104.521;102.846;100.755; MEAN: 99.5962
testImagesNew/07_rand.JPG: 89.0161;80.743;82.382;83.9711;80.97;82.7922;81.2168;81.4143;81.5755;81.2285; MEAN: 82.531
testImagesNew/08_rand.JPG: 102.264;85.0491;85.1318;85.6434;86.1431;85.0902;85.1506;84.9722;84.8835;84.7387; MEAN: 86.9067
testImagesNew/09_rand.JPG: 95.7247;96.7407;89.839;86.7288;86.8992;89.8849;94.7719;97.2943;86.8862;91.8263; MEAN: 91.6596
testImagesNew/10_rand.JPG: 90.1368;85.941;86.1199;83.2042;81.5441;81.7964;86.3953;81.9528;82.4553;81.315; MEAN: 84.0861
testImagesNew/11_rand.JPG: 81.2159;72.5723;72.0082;76.5288;73.05;78.373;72.2489;71.795;72.1656;74.1135; MEAN: 74.4071
testImagesNew/12_rand.JPG: 89.5875;82.2339;84.3579;82.4644;82.8297;82.4798;83.1847;91.7626;83.2951;82.7515; MEAN: 84.4947
testImagesNew/13_rand.JPG: 88.4404;84.7765;79.4624;79.8387;82.7978;79.4313;79.8914;79.5486;80.1424;88.8557; MEAN: 82.3185
testImagesNew/14_rand.JPG: 97.7446;86.6879;86.6089;87.0449;86.9433;86.985;86.559;86.808;86.6256;87.8863; MEAN: 87.9893
testImagesNew/15_rand.JPG: 112.284;97.6984;100.903;99.9523;95.5666;96.448;95.8143;95.7474;125.684;98.5576; MEAN: 101.866
testImagesNew/16_rand.JPG: 110.548;100.041;95.7521;98.3493;96.9829;95.9412;96.0695;95.6929;95.9829;97.2164; MEAN: 98.2576
testImagesNew/17_rand.JPG: 117.884;100.747;101.366;103.036;104.186;101.155;100.81;101.16;100.56;106.154; MEAN: 103.706
testImagesNew/18_rand.JPG: 74.7807;68.831;64.2463;60.0687;60.3326;60.0095;60.529;60.534;60.6038;60.123; MEAN: 63.0058
testImagesNew/19_rand.JPG: 90.5274;82.3701;82.2419;86.8778;88.902;83.5787;82.5821;82.0468;88.3782;89.5083; MEAN: 85.7013
testImagesNew/20_rand.JPG: 113.612;96.9931;97.4555;97.7365;100.257;101.828;97.4437;101.434;96.4466;96.8961; MEAN: 100.01
MEAN of Scale Factor = 913.121


96.2277;87.1832;87.1803;88.7729;91.9265;99.5962;82.531;86.9067;91.6596;84.0861;74.4071;84.4947;82.3185;87.9893;101.866;98.2576;103.706;63.0058;85.7013;100.01