SCALE FACTOR = 1.05
testImagesNew/00_pre kopie.JPG: 165.808;163.443;168.008;160.639;188.239;165.436;189.751;189.569;142.914;117.545; MEAN: 165.135
testImagesNew/00_pre.JPG: 126.462;112.87;111.851;134.432;191.214;152.795;147.175;139.201;119.11;119.422; MEAN: 135.453
testImagesNew/01_top.JPG: 162.213;167.916;146.841;166.445;152.443;122.589;142.569;113.192;111.816;111.706; MEAN: 139.773
testImagesNew/02_side.JPG: 131.052;186.36;115.075;115.736;120.481;116.7;115.064;115.855;116.346;116.891; MEAN: 124.956
testImagesNew/03_persp.JPG: 131.621;113.499;114.302;117.884;114.276;113.583;114.789;115;126.314;114.119; MEAN: 117.539
testImagesNew/04_rand.JPG: 128.522;116.004;118.127;115.592;115.368;120.712;121.233;120.442;114.897;117.327; MEAN: 118.822
testImagesNew/05_rand.JPG: 132.674;122.713;121.537;122.619;126.398;124.571;120.265;122.073;122.804;120.924; MEAN: 123.658
testImagesNew/06_rand.JPG: 138.778;131.063;136.17;134.302;129.624;130.749;130.463;130.887;130.954;130.796; MEAN: 132.379
testImagesNew/07_rand.JPG: 126.892;112.521;113.637;115.149;116.285;115.778;114.044;126.857;115.137;121.289; MEAN: 117.759
testImagesNew/08_rand.JPG: 126.707;119.923;121.525;118.125;118.824;119.022;132.811;122.143;118.004;124.037; MEAN: 122.112
testImagesNew/09_rand.JPG: 131.391;118.193;117.925;119.954;124.725;122.48;118.244;123.935;127.699;117.905; MEAN: 122.245
testImagesNew/10_rand.JPG: 126.767;118.321;126.837;118.909;119.3;117.748;118.794;116.796;118.132;118.116; MEAN: 119.972
testImagesNew/11_rand.JPG: 121.7;118.254;116.123;113.805;143.579;149.832;111.95;111.82;113.602;121.15; MEAN: 122.181
testImagesNew/12_rand.JPG: 130.117;117.439;122.935;122.895;118.612;124.401;122.931;126.307;122.359;123.594; MEAN: 123.159
testImagesNew/13_rand.JPG: 119.757;109.521;108.064;107.064;107.715;109.023;110.638;113.028;108.045;108.909; MEAN: 110.176
testImagesNew/14_rand.JPG: 124.139;112.182;111.89;112.498;118.252;111.562;116.448;112.507;112.91;112.669; MEAN: 114.506
testImagesNew/15_rand.JPG: 134.012;126.369;128.577;130.973;130.332;131.475;139.516;150.2;132.392;138.286; MEAN: 134.213
testImagesNew/16_rand.JPG: 146.942;136.977;137.316;136.248;132.674;138.165;137.606;133.453;134.803;173.793; MEAN: 140.798
testImagesNew/17_rand.JPG: 256.272;144.067;150.002;208.116;176.839;152.143;148.218;144.332;146.915;148.798; MEAN: 167.57
testImagesNew/18_rand.JPG: 120.624;116.642;106.411;111.2;135.939;117.898;111.077;115.658;108.656;105.127; MEAN: 114.923
testImagesNew/19_rand.JPG: 134.11;120.115;123.59;126.047;128.129;133.859;135.58;131.157;121.394;123.896; MEAN: 127.788
testImagesNew/20_rand.JPG: 140.762;132.596;127.402;129.059;127.721;133.167;131.196;131.384;133.542;131.092; MEAN: 131.792
MEAN of Scale Factor = 1284.96


139.773;124.956;117.539;118.822;123.658;132.379;117.759;122.112;122.245;119.972;122.181;123.159;110.176;114.506;134.213;140.798;167.57;114.923;127.788;131.792